raw_control_signal : [0.000000  0.000000  0.000000  0.000000  1.570796  1.570796  1.570796  1.570796  ]
control_signal : [-0.000000  0.000000  -0.000000  0.000000  -235280.000000  -235281.000000  -235282.000000  -235288.000000  ]
****************
