raw_control_signal : [0.000000  0.000000  0.000000  0.000000  1.570796  1.570796  1.570796  1.570796  ]
control_signal : [0.000000  -0.000000  0.000000  -0.000000  7621392.000000  -56320.000000  1702200164.000000  1768067948.000000  ]
****************
