raw_control_signal : [0.000000  0.000000  0.000000  0.000000  1.570796  1.570796  1.570796  1.570796  ]
control_signal : [-0.000000  0.000000  -0.000000  0.000000  -195280.000000  -197280.000000  -201280.000000  -197280.000000  ]
****************
