raw_control_signal : [0.000000  0.000000  0.000000  0.000000  0.000000  0.000000  0.000000  0.000000  ]
control_signal : [-0.000000  0.000000  -0.000000  0.000000  30000.000000  28000.000000  24000.000000  28000.000000  ]
****************
