raw_control_signal : [20.000000  20.000000  20.000000  20.000000  1.570796  1.570796  1.570796  1.570796  ]
control_signal : [1100458.666667  -1100458.666667  1100458.666667  -1100458.666667  -225280.000000  -225281.000000  -506880.000000  -506880.000000  ]
****************
